11
12.5
1.2
0.8
1.5
0.7
1.1
0.9
1.3
0.6
1.4
0.5
1.0
10.8
1.7
0.4
1.6
0.3
1.8
0.2
1.9
0.1
2.0
0.9
1.1
13.2
1.3
0.8
1.4
0.7
1.5
0.6
1.6
0.5
1.7
0.4
0.8
1.6
1.2
14.7
1.1
0.9
1.3
0.7
1.5
0.6
1.4
0.5
0.7
1.4
0.9
1.8
15.3
1.2
0.8
1.6
0.6
1.7
0.5
1.1
0.6
1.3
0.8
1.5
1.9
16.4
1.4
0.7
1.8
0.5
2.0
0.9
0.8
1.2
0.7
1.4
0.6
1.6
17.2
1.3
0.5
1.7
0.4
1.3
0.9
1.5
0.8
1.2
0.7
1.4
18.6
1.1
0.6
1.8
0.5
0.6
1.1
0.7
1.3
0.9
1.5
0.8
1.2
19.3
1.4
0.7
1.4
0.8
1.2
0.6
1.5
0.9
1.3
0.7
1.6
1.1
20.5
1.0
0.5
1.1
0.7
1.3
0.9
1.4
0.6
1.5
0.8
1.2
1.6
21.8
25.7
23.4
28.9
26.1
30.5
27.8
32.2
29.4
34.7
31.9