11
5.2
1.8
0.0
0.0
0.0
0.0
0.0
0.0
0.0
0.0
0.0
1.6
6.4
2.1
0.0
0.0
0.0
0.0
0.0
0.0
0.0
0.0
0.0
1.9
7.1
2.3
0.0
0.0
0.0
0.0
0.0
0.0
0.0
0.0
0.0
2.2
7.8
2.5
0.0
0.0
0.0
0.0
0.0
0.0
0.0
0.0
0.0
2.4
8.5
2.7
0.0
0.0
0.0
0.0
0.0
0.0
0.0
0.0
0.0
2.6
9.2
2.9
0.0
0.0
0.0
0.0
0.0
0.0
0.0
0.0
0.0
2.8
9.9
3.1
0.0
0.0
0.0
0.0
0.0
0.0
0.0
0.0
0.0
3.0
10.6
3.3
0.0
0.0
0.0
0.0
0.0
0.0
0.0
0.0
0.0
3.2
11.3
3.5
0.0
0.0
0.0
0.0
0.0
0.0
0.0
0.0
0.0
3.4
12.0
3.7
0.0
0.0
0.0
0.0
0.0
0.0
0.0
0.0
0.0
3.6
12.7
12.5
18.3
24.1
29.9
35.7
41.5
47.3
53.1
58.9
64.7
70.5